0.0 -0.0425393955298
0.1 -0.306788541845
0.2 -0.935140639467
0.3 -1.84328637325
0.4 -2.64651579867
0.5 -2.77878671587
0.6 -1.80732909526
0.7 0.238475020056
0.8 2.77083930112
0.9 4.90187108059
1.0 5.92746121633
1.1 5.71596055755
1.2 4.71163841913
1.3 3.52026509098
1.4 2.35419368013
1.5 0.748498445488
1.6 -2.19200178429
1.7 -7.09719673139
1.8 -13.5735380621
1.9 -19.8427557854
2.0 -23.0530277589
2.1 -20.2203300351
2.2 -9.47113691311
2.3 8.88241073268
2.4 31.8606978349
2.5 54.1633374103
2.6 69.3231532822
2.7 71.4066350637
2.8 56.8275008248
2.9 25.7640467924
3.0 -17.2784844361
3.1 -64.0312130063
3.2 -104.137293581
3.3 -127.626931548
3.4 -127.629102083
3.5 -102.591031355
3.6 -57.2413478888
3.7 -1.73131663923
3.8 51.090031234
3.9 89.5525103394
4.0 106.824311367
4.1 102.869928305
4.2 83.8448542166
4.3 59.1807782502
4.4 37.6460587135
4.5 24.0718492438
4.6 18.0422095194
4.7 14.9168934996
4.8 8.56946198883
4.9 -5.40721198392
5.0 -27.3730617593
5.1 -53.1402098711
5.2 -75.5249676296
5.3 -87.3482777803
5.4 -84.6199960597
5.5 -68.4456225035
5.6 -44.6544933984
5.7 -21.1816065216
5.8 -4.39840310884
5.9 3.75770413868
6.0 6.31864561616
6.1 9.16214568899
6.2 17.379695889
6.3 32.1620740985
6.4 49.9574490364
6.5 64.3675647476
6.6 69.6859086146
6.7 64.0619387549
6.8 50.5231044768
6.9 35.3308674415
7.0 24.6440236298
7.1 21.3555602134
7.2 23.7905448774
7.3 26.8646473616
7.4 24.9591773664
7.5 14.9112520253
7.6 -2.43317088918
7.7 -22.7974747052
7.8 -40.7252998408
7.9 -52.2227850258
8.0 -56.4171916575
8.1 -55.4821027515
8.2 -53.0420612134
8.3 -52.0430150387
8.4 -53.2682489553
8.5 -55.2302082243
8.6 -55.357002645
8.7 -51.6785507658
8.8 -43.9901430543
8.9 -33.8393926241
9.0 -23.4179959205
9.1 -14.1059378319
9.2 -5.61669162695
9.3 3.69425725783
9.4 15.5357554421
9.5 30.2194106059
9.6 45.982002335
9.7 59.5786819709
9.8 67.8502229582
9.9 69.3542050974
10.0 65.0945997044
10.1 57.923827649
10.2 50.9867644061
10.3 46.1306719353
10.4 43.1836026968
10.5 40.4416734797
10.6 35.9724252205
10.7 28.8928547153
10.8 19.8681827093
10.9 10.6069432192
11.0 2.74591669109
11.1 -3.14989721073
11.2 -7.87105480532
11.3 -12.9960737011
11.4 -19.846552333
11.5 -28.597865107
11.6 -38.0611450732
11.7 -46.2512859355
11.8 -51.4086525549
11.9 -52.8946756437
12.0 -51.4602904896
12.1 -48.7415490293
12.2 -46.2731352131
12.3 -44.5876255326
12.4 -42.9271066211
12.5 -39.7473119976
12.6 -33.7316431071
12.7 -24.7206731677
12.8 -13.9944345127
12.9 -3.71540376974
13.0 4.16211775695
13.1 8.88502599063
13.2 11.2162523192
13.3 12.8933523789
13.4 15.5632444259
13.5 19.8305103888
13.6 24.9714342799
13.7 29.4506522346
13.8 31.8952465588
13.9 31.9277142941
14.0 30.3760204994
14.1 28.7735784747
14.2 28.4800252167
14.3 29.9463370362
14.4 32.5223611399
14.5 34.8646546843
14.6 35.6646195824
14.7 34.2717681702
14.8 30.8928071753
14.9 26.3155604495
15.0 21.3718694178
15.1 16.4727190745
15.2 11.473590192
15.3 5.91697924745
15.4 -0.523718078709
15.5 -7.68685278903
15.6 -14.88176699
15.7 -21.2005456507
15.8 -25.9985893795
15.9 -29.2460451894
16.0 -31.518947745
16.1 -33.6162074826
16.2 -36.0277404837
16.3 -38.5867430199
16.4 -40.5362581042
16.5 -40.9817642816
16.6 -39.4504058671
16.7 -36.200920222
16.8 -32.0834674371
16.9 -28.0379196677
17.0 -24.5520758632
17.1 -21.4228529852
17.2 -17.9612966545
17.3 -13.4943002135
17.4 -7.83414616693
17.5 -1.42517774812
17.6 4.90271241248
17.7 10.3964254544
17.8 14.7652111623
17.9 18.2720997131
18.0 21.5095394743
18.1 25.0179582613
18.2 28.9676323869
18.3 33.0556949215
18.4 36.638725404
18.5 39.0112697969
18.6 39.6967350592
18.7 38.6338396292
18.8 36.1911789648
18.9 33.0046508362
19.0 29.6996654989
19.1 26.6179668362
19.2 23.6859057866
19.3 20.5068298949
19.4 16.6421777362
19.5 11.9252510512
19.6 6.61327234448
19.7 1.27165160642
19.8 -3.54336514532
19.9 -7.59519997045
20.0 -11.0571516595
20.1 -14.317414418
20.2 -17.6380961624
20.3 -20.9191035212
20.4 -23.7483391386
20.5 -25.7114356305
20.6 -26.7361716627
20.7 -27.2071945236
20.8 -27.7420530186
20.9 -28.7630660656
21.0 -30.1565388413
21.1 -31.2655991193
21.2 -31.2434140778
21.3 -29.5513835469
21.4 -26.2885378768
21.5 -22.1480638422
21.6 -18.0356595783
21.7 -14.5906644421
21.8 -11.894294856
21.9 -9.51512743474
22.0 -6.83032858646
22.1 -3.41003188401
22.2 0.755107398675
22.3 5.28312117145
22.4 9.62940185452
22.5 13.359453618
22.6 16.315266969
22.7 18.6096121366
22.8 20.4852196292
22.9 22.1391056741
23.0 23.6122797358
23.1 24.7941603566
23.2 25.5227610147
23.3 25.7114347153
23.4 25.4233822911
23.5 24.848621687
23.6 24.1960262947
23.7 23.5634222273
23.8 22.8624283587
23.9 21.8430428884
24.0 20.2051087962
24.1 17.7359357509
24.2 14.4046909098
24.3 10.3765078845
24.4 5.95666583098
24.5 1.50470039208
24.6 -2.64465301673
24.7 -6.23935202472
24.8 -9.14894894836
24.9 -11.3834948451
25.0 -13.0792120919
25.1 -14.439227007
25.2 -15.6425896965
25.3 -16.7657374981
25.4 -17.7659349889
25.5 -18.5407393683
25.6 -19.0220372854
25.7 -19.2326193768
25.8 -19.2589490446
25.9 -19.1619020863
26.0 -18.903873715
26.1 -18.3643112599
26.2 -17.4439180076
26.3 -16.1758021072
26.4 -14.7413638168
26.5 -13.3565134584
26.6 -12.1026487807
26.7 -10.8375440453
26.8 -9.27505925068
26.9 -7.19486309199
27.0 -4.63162705922
27.1 -1.89205181755
27.2 0.630010790233
27.3 2.71292855556
27.4 4.44540737794
27.5 6.12982290809
27.6 8.0148117158
27.7 10.0590613703
27.8 11.9152346483
27.9 13.1615714127
28.0 13.6181867833
28.1 13.5118561994
28.2 13.3570088128
28.3 13.62664186
28.4 14.4410832343
28.5 15.4900923357
28.6 16.2360975904
28.7 16.2502845283
28.8 15.4521056949
28.9 14.1080062624
29.0 12.6225693159
29.1 11.2889462123
29.2 10.1645702987
29.3 9.12151718009
29.4 7.99129168977
29.5 6.67961871214
29.6 5.18558058093
29.7 3.55427886513
29.8 1.83727002029
29.9 0.10023578595
30.0 -1.55161728581
30.1 -2.98940077621
30.2 -4.13609745059
30.3 -5.04859891701
30.4 -5.92171512997
30.5 -6.98159586953
30.6 -8.32959341428
30.7 -9.85308402077
30.8 -11.2813340809
30.9 -12.3554877992
31.0 -12.9891953015
31.1 -13.2990802234
31.2 -13.4845407023
31.3 -13.6550025382
31.4 -13.7429181313
31.5 -13.5689444455
31.6 -13.0005612656
31.7 -12.0700145199
31.8 -10.9538025961
31.9 -9.83302285418
32.0 -8.75373483446
32.1 -7.60581986242
32.2 -6.23858709246
32.3 -4.61572512533
32.4 -2.87792221009
32.5 -1.25724860712
32.6 0.0898213501589
32.7 1.19589098478
32.8 2.25046306846
32.9 3.44744681172
33.0 4.83318986854
33.1 6.27224173869
33.2 7.55085583449
33.3 8.52915192047
33.4 9.22052474184
33.5 9.74387786169
33.6 10.2008419831
33.7 10.5866615522
33.8 10.8058960794
33.9 10.769088517
34.0 10.4776185859
34.1 10.0193108763
34.2 9.48106402144
34.3 8.86196307616
34.4 8.07255595165
34.5 7.03019071931
34.6 5.77165469424
34.7 4.48051793348
34.8 3.39129058415
34.9 2.63437959989
35.0 2.14049650598
35.1 1.6833708208
35.2 1.03494605937
35.3 0.120513940852
35.4 -0.938641451665
35.5 -1.92114237425
35.6 -2.66217254092
35.7 -3.15274898941
35.8 -3.51518127303
35.9 -3.88735907325
36.0 -4.31513265341
36.1 -4.73602187905
36.2 -5.0566976067
36.3 -5.24962864241
36.4 -5.38295012426
36.5 -5.5580333877
36.6 -5.80912533748
36.7 -6.05259816236
36.8 -6.13352724869
36.9 -5.93786667089
37.0 -5.48387671746
37.1 -4.92007013401
37.2 -4.42756412649
37.3 -4.09705635674
37.4 -3.86959366327
37.5 -3.58303438425
37.6 -3.08973646552
37.7 -2.36223910175
37.8 -1.51587294748
37.9 -0.737717515176
38.0 -0.17435917468
38.1 0.146894353015
38.2 0.318090143181
38.3 0.482092283502
38.4 0.746863146984
38.5 1.13622917037
38.6 1.59854855287
38.7 2.05469174711
38.8 2.44640246637
38.9 2.75514415088
39.0 2.98845806282
39.1 3.15416514775
39.2 3.24695209948
39.3 3.25704925763
39.4 3.19026869058
39.5 3.07864505909
39.6 2.96849735209
39.7 2.89167383322
39.8 2.84124194717
39.9 2.77236177477
40.0 2.63166102613
40.1 2.3963184636
40.2 2.09423887954
40.3 1.78820057253
40.4 1.53289236247
40.5 1.33540164299
40.6 1.14958544358
40.7 0.910975428472
40.8 0.588071168846
40.9 0.21165044215
41.0 -0.141615456154
41.1 -0.401057924981
41.2 -0.551539763189
41.3 -0.643166821483
41.4 -0.75307262306
41.5 -0.927494917963
41.6 -1.14761575053
41.7 -1.34465031902
41.8 -1.45212060953
41.9 -1.45518460725
42.0 -1.39992846155
42.1 -1.35688148199
42.2 -1.36792043603
42.3 -1.41722137861
42.4 -1.4469575486
42.5 -1.40361766931
42.6 -1.27849961441
42.7 -1.11251871545
42.8 -0.964218391006
42.9 -0.86744822193
43.0 -0.810739758572
43.1 -0.751505353626
43.2 -0.651200556035
43.3 -0.503592677605
43.4 -0.336449061543
43.5 -0.188754422816
43.6 -0.083117002096
43.7 -0.0137951245064
43.8 0.0435519946906
43.9 0.110933877126
44.0 0.192760469057
44.1 0.276031163662
44.2 0.342846300206
44.3 0.383868559715
44.4 0.402992241871
44.5 0.411826560968
44.6 0.42015058645
44.7 0.429912834456
44.8 0.436022677321
44.9 0.431658792658
45.0 0.413386758191
45.1 0.382895674721
45.2 0.345348878549
45.3 0.306412883557
45.4 0.269975861262
45.5 0.237327793122
45.6 0.207557210403
45.7 0.178656011713
45.8 0.148901623202
45.9 0.118020839671
46.0 0.0875272580327
46.1 0.0599023820665
46.2 0.0370367664432
46.3 0.0190044137903
46.4 0.00412648794314
46.5 -0.00967031412201
46.6 -0.0232394490363
46.7 -0.0356126679586
46.8 -0.0448623946278
46.9 -0.0496984616516
47.0 -0.0505167382904
47.1 -0.0491260239133
47.2 -0.0474711018359
47.3 -0.0464150264168
47.4 -0.0454772818775
47.5 -0.0435798664749
47.6 -0.040083645402
47.7 -0.0352962594007
47.8 -0.0301753369957
47.9 -0.025606262861
48.0 -0.0218749611079
48.1 -0.018679025256
48.2 -0.0155456779769
48.3 -0.0122573344616
48.4 -0.00897817329135
48.5 -0.00606941320365
48.6 -0.00380644032475
48.7 -0.00222126304799
48.8 -0.00114282441792
48.9 -0.000350791125752
49.0 0.000292478450623
49.1 0.000810059666492
49.2 0.00116525813922
49.3 0.00133621932841
49.4 0.00135205790329
49.5 0.00127787746453
49.6 0.00117659115219
49.7 0.00108376974017
49.8 0.00101024253356
49.9 0.000959896571299
50.0 0.000940896529966
50.1 0.000940896529966
50.2 0.000940896529966
50.3 0.000940896529966
50.4 0.000940896529966
50.5 0.000940896529966
50.6 0.000940896529966
50.7 0.000940896529966
50.8 0.000940896529966
50.9 0.000940896529966
51.0 0.000940896529966
51.1 0.000940896529966
51.2 0.000940896529966
51.3 0.000940896529966
51.4 0.000940896529966
51.5 0.000940896529966
51.6 0.000940896529966
51.7 0.000940896529966
51.8 0.000940896529966
51.9 0.000940896529966
52.0 0.000940896529966
52.1 0.000940896529966
52.2 0.000940896529966
52.3 0.000940896529966
52.4 0.000940896529966
52.5 0.000940896529966
52.6 0.000940896529966
52.7 0.000940896529966
52.8 0.000940896529966
52.9 0.000940896529966
53.0 0.000940896529966
53.1 0.000940896529966
53.2 0.000940896529966
53.3 0.000940896529966
53.4 0.000940896529966
53.5 0.000940896529966
53.6 0.000940896529966
53.7 0.000940896529966
53.8 0.000940896529966
53.9 0.000940896529966
54.0 0.000940896529966
54.1 0.000940896529966
54.2 0.000940896529966
54.3 0.000940896529966
54.4 0.000940896529966
54.5 0.000940896529966
54.6 0.000940896529966
54.7 0.000940896529966
54.8 0.000940896529966
54.9 0.000940896529966
55.0 0.000940896529966
55.1 0.000940896529966
55.2 0.000940896529966
55.3 0.000940896529966
55.4 0.000940896529966
55.5 0.000940896529966
55.6 0.000940896529966
55.7 0.000940896529966
55.8 0.000940896529966
55.9 0.000940896529966
56.0 0.000940896529966
56.1 0.000940896529966
56.2 0.000940896529966
56.3 0.000940896529966
56.4 0.000940896529966
56.5 0.000940896529966
56.6 0.000940896529966
56.7 0.000940896529966
56.8 0.000940896529966
56.9 0.000940896529966
57.0 0.000940896529966
57.1 0.000940896529966
57.2 0.000940896529966
57.3 0.000940896529966
57.4 0.000940896529966
57.5 0.000940896529966
57.6 0.000940896529966
57.7 0.000940896529966
57.8 0.000940896529966
57.9 0.000940896529966
58.0 0.000940896529966
58.1 0.000940896529966
58.2 0.000940896529966
58.3 0.000940896529966
58.4 0.000940896529966
58.5 0.000940896529966
58.6 0.000940896529966
58.7 0.000940896529966
58.8 0.000940896529966
58.9 0.000940896529966
59.0 0.000940896529966
59.1 0.000940896529966
59.2 0.000940896529966
59.3 0.000940896529966
59.4 0.000940896529966
59.5 0.000940896529966
59.6 0.000940896529966
59.7 0.000940896529966
59.8 0.000940896529966
59.9 0.000940896529966
60.0 0.000940896529966
60.1 0.000940896529966
60.2 0.000940896529966
60.3 0.000940896529966
60.4 0.000940896529966
60.5 0.000940896529966
60.6 0.000940896529966
60.7 0.000940896529966
60.8 0.000940896529966
60.9 0.000940896529966
61.0 0.000940896529966
61.1 0.000940896529966
61.2 0.000940896529966
61.3 0.000940896529966
61.4 0.000940896529966
61.5 0.000940896529966
61.6 0.000940896529966
61.7 0.000940896529966
61.8 0.000940896529966
61.9 0.000940896529966
62.0 0.000940896529966
62.1 0.000940896529966
62.2 0.000940896529966
62.3 0.000940896529966
62.4 0.000940896529966
62.5 0.000940896529966
62.6 0.000940896529966
62.7 0.000940896529966
62.8 0.000940896529966
62.9 0.000940896529966
63.0 0.000940896529966
63.1 0.000940896529966
63.2 0.000940896529966
63.3 0.000940896529966
63.4 0.000940896529966
63.5 0.000940896529966
63.6 0.000940896529966
63.7 0.000940896529966
63.8 0.000940896529966
63.9 0.000940896529966
64.0 0.000940896529966
64.1 0.000940896529966
64.2 0.000940896529966
64.3 0.000940896529966
64.4 0.000940896529966
64.5 0.000940896529966
64.6 0.000940896529966
64.7 0.000940896529966
64.8 0.000940896529966
64.9 0.000940896529966
65.0 0.000940896529966
65.1 0.000940896529966
65.2 0.000940896529966
65.3 0.000940896529966
65.4 0.000940896529966
65.5 0.000940896529966
65.6 0.000940896529966
65.7 0.000940896529966
65.8 0.000940896529966
65.9 0.000940896529966
66.0 0.000940896529966
66.1 0.000940896529966
66.2 0.000940896529966
66.3 0.000940896529966
66.4 0.000940896529966
66.5 0.000940896529966
66.6 0.000940896529966
66.7 0.000940896529966
66.8 0.000940896529966
66.9 0.000940896529966
67.0 0.000940896529966
67.1 0.000940896529966
67.2 0.000940896529966
67.3 0.000940896529966
67.4 0.000940896529966
67.5 0.000940896529966
67.6 0.000940896529966
67.7 0.000940896529966
67.8 0.000940896529966
67.9 0.000940896529966
68.0 0.000940896529966
68.1 0.000940896529966
68.2 0.000940896529966
68.3 0.000940896529966
68.4 0.000940896529966
68.5 0.000940896529966
68.6 0.000940896529966
68.7 0.000940896529966
68.8 0.000940896529966
68.9 0.000940896529966
69.0 0.000940896529966
69.1 0.000940896529966
69.2 0.000940896529966
69.3 0.000940896529966
69.4 0.000940896529966
69.5 0.000940896529966
69.6 0.000940896529966
69.7 0.000940896529966
69.8 0.000940896529966
69.9 0.000940896529966
70.0 0.000940896529966
70.1 0.000940896529966
70.2 0.000940896529966
70.3 0.000940896529966
70.4 0.000940896529966
70.5 0.000940896529966
70.6 0.000940896529966
70.7 0.000940896529966
70.8 0.000940896529966
70.9 0.000940896529966
71.0 0.000940896529966
71.1 0.000940896529966
71.2 0.000940896529966
71.3 0.000940896529966
71.4 0.000940896529966
71.5 0.000940896529966
71.6 0.000940896529966
71.7 0.000940896529966
71.8 0.000940896529966
71.9 0.000940896529966
72.0 0.000940896529966
72.1 0.000940896529966
72.2 0.000940896529966
72.3 0.000940896529966
72.4 0.000940896529966
72.5 0.000940896529966
72.6 0.000940896529966
72.7 0.000940896529966
72.8 0.000940896529966
72.9 0.000940896529966
73.0 0.000940896529966
73.1 0.000940896529966
73.2 0.000940896529966
73.3 0.000940896529966
73.4 0.000940896529966
73.5 0.000940896529966
73.6 0.000940896529966
73.7 0.000940896529966
73.8 0.000940896529966
73.9 0.000940896529966
74.0 0.000940896529966
74.1 0.000940896529966
74.2 0.000940896529966
74.3 0.000940896529966
74.4 0.000940896529966
74.5 0.000940896529966
74.6 0.000940896529966
74.7 0.000940896529966
74.8 0.000940896529966
74.9 0.000940896529966
75.0 0.000940896529966
75.1 0.000940896529966
75.2 0.000940896529966
75.3 0.000940896529966
75.4 0.000940896529966
75.5 0.000940896529966
75.6 0.000940896529966
75.7 0.000940896529966
75.8 0.000940896529966
75.9 0.000940896529966
76.0 0.000940896529966
76.1 0.000940896529966
76.2 0.000940896529966
76.3 0.000940896529966
76.4 0.000940896529966
76.5 0.000940896529966
76.6 0.000940896529966
76.7 0.000940896529966
76.8 0.000940896529966
76.9 0.000940896529966
77.0 0.000940896529966
77.1 0.000940896529966
77.2 0.000940896529966
77.3 0.000940896529966
77.4 0.000940896529966
77.5 0.000940896529966
77.6 0.000940896529966
77.7 0.000940896529966
77.8 0.000940896529966
77.9 0.000940896529966
78.0 0.000940896529966
78.1 0.000940896529966
78.2 0.000940896529966
78.3 0.000940896529966
78.4 0.000940896529966
78.5 0.000940896529966
78.6 0.000940896529966
78.7 0.000940896529966
78.8 0.000940896529966
78.9 0.000940896529966
79.0 0.000940896529966
79.1 0.000940896529966
79.2 0.000940896529966
79.3 0.000940896529966
79.4 0.000940896529966
79.5 0.000940896529966
79.6 0.000940896529966
79.7 0.000940896529966
79.8 0.000940896529966
79.9 0.000940896529966
80.0 0.000940896529966
80.1 0.000940896529966
80.2 0.000940896529966
80.3 0.000940896529966
80.4 0.000940896529966
80.5 0.000940896529966
80.6 0.000940896529966
80.7 0.000940896529966
80.8 0.000940896529966
80.9 0.000940896529966
81.0 0.000940896529966
81.1 0.000940896529966
81.2 0.000940896529966
81.3 0.000940896529966
81.4 0.000940896529966
81.5 0.000940896529966
81.6 0.000940896529966
81.7 0.000940896529966
81.8 0.000940896529966
81.9 0.000940896529966
82.0 0.000940896529966
82.1 0.000940896529966
82.2 0.000940896529966
82.3 0.000940896529966
82.4 0.000940896529966
82.5 0.000940896529966
82.6 0.000940896529966
82.7 0.000940896529966
82.8 0.000940896529966
82.9 0.000940896529966
83.0 0.000940896529966
83.1 0.000940896529966
83.2 0.000940896529966
83.3 0.000940896529966
83.4 0.000940896529966
83.5 0.000940896529966
83.6 0.000940896529966
83.7 0.000940896529966
83.8 0.000940896529966
83.9 0.000940896529966
84.0 0.000940896529966
84.1 0.000940896529966
84.2 0.000940896529966
84.3 0.000940896529966
84.4 0.000940896529966
84.5 0.000940896529966
84.6 0.000940896529966
84.7 0.000940896529966
84.8 0.000940896529966
84.9 0.000940896529966
85.0 0.000940896529966
85.1 0.000940896529966
85.2 0.000940896529966
85.3 0.000940896529966
85.4 0.000940896529966
85.5 0.000940896529966
85.6 0.000940896529966
85.7 0.000940896529966
85.8 0.000940896529966
85.9 0.000940896529966
86.0 0.000940896529966
86.1 0.000940896529966
86.2 0.000940896529966
86.3 0.000940896529966
86.4 0.000940896529966
86.5 0.000940896529966
86.6 0.000940896529966
86.7 0.000940896529966
86.8 0.000940896529966
86.9 0.000940896529966
87.0 0.000940896529966
87.1 0.000940896529966
87.2 0.000940896529966
87.3 0.000940896529966
87.4 0.000940896529966
87.5 0.000940896529966
87.6 0.000940896529966
87.7 0.000940896529966
87.8 0.000940896529966
87.9 0.000940896529966
88.0 0.000940896529966
88.1 0.000940896529966
88.2 0.000940896529966
88.3 0.000940896529966
88.4 0.000940896529966
88.5 0.000940896529966
88.6 0.000940896529966
88.7 0.000940896529966
88.8 0.000940896529966
88.9 0.000940896529966
89.0 0.000940896529966
89.1 0.000940896529966
89.2 0.000940896529966
89.3 0.000940896529966
89.4 0.000940896529966
89.5 0.000940896529966
89.6 0.000940896529966
89.7 0.000940896529966
89.8 0.000940896529966
89.9 0.000940896529966
90.0 0.000940896529966
90.1 0.000940896529966
90.2 0.000940896529966
90.3 0.000940896529966
90.4 0.000940896529966
90.5 0.000940896529966
90.6 0.000940896529966
90.7 0.000940896529966
90.8 0.000940896529966
90.9 0.000940896529966
91.0 0.000940896529966
91.1 0.000940896529966
91.2 0.000940896529966
91.3 0.000940896529966
91.4 0.000940896529966
91.5 0.000940896529966
91.6 0.000940896529966
91.7 0.000940896529966
91.8 0.000940896529966
91.9 0.000940896529966
92.0 0.000940896529966
92.1 0.000940896529966
92.2 0.000940896529966
92.3 0.000940896529966
92.4 0.000940896529966
92.5 0.000940896529966
92.6 0.000940896529966
92.7 0.000940896529966
92.8 0.000940896529966
92.9 0.000940896529966
93.0 0.000940896529966
93.1 0.000940896529966
93.2 0.000940896529966
93.3 0.000940896529966
93.4 0.000940896529966
93.5 0.000940896529966
93.6 0.000940896529966
93.7 0.000940896529966
93.8 0.000940896529966
93.9 0.000940896529966
94.0 0.000940896529966
94.1 0.000940896529966
94.2 0.000940896529966
94.3 0.000940896529966
94.4 0.000940896529966
94.5 0.000940896529966
94.6 0.000940896529966
94.7 0.000940896529966
94.8 0.000940896529966
94.9 0.000940896529966
95.0 0.000940896529966
95.1 0.000940896529966
95.2 0.000940896529966
95.3 0.000940896529966
95.4 0.000940896529966
95.5 0.000940896529966
95.6 0.000940896529966
95.7 0.000940896529966
95.8 0.000940896529966
95.9 0.000940896529966
96.0 0.000940896529966
96.1 0.000940896529966
96.2 0.000940896529966
96.3 0.000940896529966
96.4 0.000940896529966
96.5 0.000940896529966
96.6 0.000940896529966
96.7 0.000940896529966
96.8 0.000940896529966
96.9 0.000940896529966
97.0 0.000940896529966
97.1 0.000940896529966
97.2 0.000940896529966
97.3 0.000940896529966
97.4 0.000940896529966
97.5 0.000940896529966
97.6 0.000940896529966
97.7 0.000940896529966
97.8 0.000940896529966
97.9 0.000940896529966
98.0 0.000940896529966
98.1 0.000940896529966
98.2 0.000940896529966
98.3 0.000940896529966
98.4 0.000940896529966
98.5 0.000940896529966
98.6 0.000940896529966
98.7 0.000940896529966
98.8 0.000940896529966
98.9 0.000940896529966
99.0 0.000940896529966
99.1 0.000940896529966
99.2 0.000940896529966
99.3 0.000940896529966
99.4 0.000940896529966
99.5 0.000940896529966
99.6 0.000940896529966
99.7 0.000940896529966
99.8 0.000940896529966
99.9 0.000940896529966
100.0 0.000940896529966
100.1 0.000940896529966
100.2 0.000940896529966
100.3 0.000940896529966
100.4 0.000940896529966
100.5 0.000940896529966
100.6 0.000940896529966
100.7 0.000940896529966
100.8 0.000940896529966
100.9 0.000940896529966
101.0 0.000940896529966
101.1 0.000940896529966
101.2 0.000940896529966
101.3 0.000940896529966
101.4 0.000940896529966
101.5 0.000940896529966
101.6 0.000940896529966
101.7 0.000940896529966
101.8 0.000940896529966
101.9 0.000940896529966
102.0 0.000940896529966
102.1 0.000940896529966
102.2 0.000940896529966
102.3 0.000940896529966
